disk.read=3.93700787e-8
disk.write=1.44927536e-8
network=0.0
hash=0.0
cores=8.0
cpu=1.66217192e-7
shuffle.partitions=200